Automatically generated file identical to segments1 apart from beta which from segments0mean_lambda = 8.84483e-16
gamma_lambda = 19008.8
var_lambda = 37821.5
mean_q = 346.359
gamma_q = 84.691
var_q = 3.16352e+09
beta = 0.00986589
var_x = 0.000138592
var_g = 1.17214e+06
var_dx = 4.71313e+07
var_dg = 1.73577e+14
