# Generated parameter file with the final parameters that may be used for predictions
mean_lambda = 0.457636
gamma_lambda = 5.77211
var_lambda = 0.401967
mean_q = 286.591
gamma_q = 2.08934
var_q = 137533
beta = 0.239161
var_x = 0.000273092
var_g = 2221.28
var_dx = 0.00622587
var_dg = 8770.57
