Automatically generated file identical to segments1 apart from beta which from segments0mean_lambda = 1.10225e-08
gamma_lambda = 0.382132
var_lambda = 9.80605e-06
mean_q = 14.9115
gamma_q = 0.813316
var_q = 4989.2
beta = 0.00677265
var_x = 9.31965e-05
var_g = 46641.4
var_dx = 1.07067
var_dg = 8.83919e+09
