# Generated parameter file with the final parameters that may be used for predictions
mean_lambda = 0.630516
gamma_lambda = 2.17723
var_lambda = 0.245116
mean_q = 7024.11
gamma_q = 3.48177
var_q = 9.83834e+07
beta = 0.00677265
var_x = 5.58403e-05
var_g = 222662
var_dx = 0.00934581
var_dg = 2.9304e+06
