# Generated parameter file with the final parameters that may be used for predictions
mean_lambda = 0.636222
gamma_lambda = 4.46917
var_lambda = 1.03043
mean_q = 355.688
gamma_q = 1.66173
var_q = 83503.9
beta = 0.299646
var_x = 1.77889e-06
var_g = 2490.28
var_dx = 0.0180677
var_dg = 17314.1
