# Generated parameter file with the final parameters that may be used for predictions
mean_lambda = 0.712508
gamma_lambda = 4.42911
var_lambda = 1.22268
mean_q = 411.983
gamma_q = 3.14702
var_q = 114615
beta = 0.368905
var_x = 6.09592e-05
var_g = 1897.72
var_dx = 0.00709521
var_dg = 10696.5
