# Generated parameter file with the final parameters that may be used for predictions
mean_lambda = 0.00182727
gamma_lambda = 1.76797
var_lambda = 0.000751561
mean_q = 2.18873e-17
gamma_q = 62.429
var_q = 3.11737e+08
beta = 0.00884482
var_x = 0.000135683
var_g = 28400.9
var_dx = 0.00555496
var_dg = 5.85547e+10
