# Generated parameter file with the final parameters that may be used for predictions
mean_lambda = 0.707489
gamma_lambda = 7.70681
var_lambda = 0.972645
mean_q = 7796.35
gamma_q = 2.35706
var_q = 1.51896e+09
beta = 0.00877723
var_x = 9.93424e-05
var_g = 633904
var_dx = 0.0043254
var_dg = 3.86026e+06
