# Generated parameter file with the final parameters that may be used for predictions
mean_lambda = 0.485759
gamma_lambda = 13.6426
var_lambda = 1.43775
mean_q = 9998.95
gamma_q = 4.86125
var_q = 1.32023e+08
beta = 0.36548
var_x = 0.00040764
var_g = 432299
var_dx = 0.0054716
var_dg = 2.13641e+06
