# Generated parameter file with the final parameters that may be used for predictions
mean_lambda = 0.477176
gamma_lambda = 6.16
var_lambda = 1.13747
mean_q = 16244.7
gamma_q = 4.8207
var_q = 1.73409e+09
beta = 0.01
var_x = 0.000414042
var_g = 4.43889e+06
var_dx = 0.0245181
var_dg = 5.28402e+07
