# Generated parameter file with the final parameters that may be used for predictions
mean_lambda = 0.659681
gamma_lambda = 3.88973
var_lambda = 0.429769
mean_q = 1.94987e-05
gamma_q = 1.88749
var_q = 1.97059e+06
beta = 0.00627539
var_x = 7.08397e-05
var_g = 7132.83
var_dx = 0.00476528
var_dg = 34216.8
