# Generated parameter file with the final parameters that may be used for predictions
mean_lambda = 0.663566
gamma_lambda = 3.88068
var_lambda = 0.412237
mean_q = 531.116
gamma_q = 6.55109
var_q = 2.62416e+06
beta = 0.00600427
var_x = 5.62393e-05
var_g = 4567.42
var_dx = 0.00538022
var_dg = 12150
