# Generated parameter file with the final parameters that may be used for predictions
mean_lambda = 2.18905e-06
gamma_lambda = 0.0926057
var_lambda = 3.52116e-06
mean_q = 103.685
gamma_q = 2.47331
var_q = 246434
beta = 0.00623846
var_x = 7.76431e-05
var_g = 121894
var_dx = 0.0342238
var_dg = 1.73288e+09
