# Generated parameter file with the final parameters that may be used for predictions
mean_lambda = 0.0622301
gamma_lambda = 1.20284
var_lambda = 0.720659
mean_q = 116.198
gamma_q = 1.07389
var_q = 18215.6
beta = 0.19788
var_x = 0.00018217
var_g = 1142.71
var_dx = 0.00527151
var_dg = 1677.18
