# Generated parameter file with the final parameters that may be used for predictions
mean_lambda = 1.55373e-07
gamma_lambda = 0.11962
var_lambda = 3.09917e-06
mean_q = 229.773
gamma_q = 0.867786
var_q = 261237
beta = 0.03
var_x = 0.00016465
var_g = 116321
var_dx = 0.089908
var_dg = 5.44202e+08
