# Generated parameter file with the final parameters that may be used for predictions
mean_lambda = 0.680636
gamma_lambda = 1.55527
var_lambda = 1.14443
mean_q = 522.566
gamma_q = 16.6415
var_q = 3.2418e+06
beta = 0.3
var_x = 0.00049913
var_g = 2922.71
var_dx = 0.00837034
var_dg = 10186.7
