# Generated parameter file with the final parameters that may be used for predictions
mean_lambda = 0.650514
gamma_lambda = 6.33668
var_lambda = 0.900705
mean_q = 12832.4
gamma_q = 3.77102
var_q = 2.13061e+08
beta = 0.390289
var_x = 4.45064e-05
var_g = 251264
var_dx = 0.00646545
var_dg = 3.99309e+06
