Automatically generated file identical to segments1 apart from beta which from segments0mean_lambda = 1.48789e-07
gamma_lambda = 0.300878
var_lambda = 8.923e-06
mean_q = 1628.28
gamma_q = 7.42807e-05
var_q = 1857.97
beta = 0.390289
var_x = 0.000173956
var_g = 23076.7
var_dx = 0.00402013
var_dg = 5.10975e+08
