# Generated parameter file with the final parameters that may be used for predictions
mean_lambda = 0.414595
gamma_lambda = 3.12333
var_lambda = 0.24542
mean_q = 1004.84
gamma_q = 2.73137
var_q = 1.0164e+07
beta = 0.395619
var_x = 7.98685e-05
var_g = 10159.2
var_dx = 0.00521792
var_dg = 51925
