Automatically generated file identical to segments1 apart from beta which from segments0mean_lambda = 2.64866e-07
gamma_lambda = 0.0050852
var_lambda = 1.13144e-06
mean_q = 74.7466
gamma_q = 2.39535
var_q = 1.55165e+06
beta = 0.395619
var_x = 0.000227508
var_g = 201100
var_dx = 0.0029083
var_dg = 3.07155e+13
