# Generated parameter file with the final parameters that may be used for predictions
mean_lambda = 0.599496
gamma_lambda = 13.5014
var_lambda = 1.50052
mean_q = 199.782
gamma_q = 6.58508
var_q = 618219
beta = 0.00612352
var_x = 6.0962e-05
var_g = 1728.81
var_dx = 0.00752164
var_dg = 7479.93
