Automatically generated file identical to segments1 apart from beta which from segments0mean_lambda = 7.7706e-07
gamma_lambda = 0.498205
var_lambda = 1.81259e-05
mean_q = 1.17665e-08
gamma_q = 21.6446
var_q = 1.4012e+07
beta = 0.0096751
var_x = 9.20746e-05
var_g = 95870.1
var_dx = 0.0310414
var_dg = 5.68263e+08
