# Generated parameter file with the final parameters that may be used for predictions
mean_lambda = 0.643762
gamma_lambda = 5.13766
var_lambda = 0.695715
mean_q = 540.933
gamma_q = 9.58453
var_q = 1.69339e+06
beta = 0.300439
var_x = 4.44684e-05
var_g = 2788.39
var_dx = 0.00422057
var_dg = 7077.4
