# Generated parameter file with the final parameters that may be used for predictions
mean_lambda = 5.88535e-07
gamma_lambda = 0.0512974
var_lambda = 8.80235e-06
mean_q = 112.087
gamma_q = 4.30791
var_q = 703854
beta = 0.0307852
var_x = 7.31e-05
var_g = 109601
var_dx = 0.0152806
var_dg = 1.33788e+09
