Automatically generated file identical to segments1 apart from beta which from segments0mean_lambda = 4.91696e-05
gamma_lambda = 0.00673321
var_lambda = 2.85047e-06
mean_q = 2.8447
gamma_q = 2.55668
var_q = 803606
beta = 0.300002
var_x = 0.000146886
var_g = 30470
var_dx = 0.570765
var_dg = 2.47955e+11
