# Generated parameter file with the final parameters that may be used for predictions
mean_lambda = 0.667577
gamma_lambda = 4.51056
var_lambda = 0.551624
mean_q = 1620.32
gamma_q = 5.65757
var_q = 6.00017e+07
beta = 0.00629199
var_x = 0.000116531
var_g = 16919.8
var_dx = 0.00579066
var_dg = 89755.5
