# Generated parameter file with the final parameters that may be used for predictions
mean_lambda = 0.648597
gamma_lambda = 0.870845
var_lambda = 0.157893
mean_q = 899.4
gamma_q = 2.63081
var_q = 643676
beta = 0.300081
var_x = 0.000669603
var_g = 10921.8
var_dx = 0.0186262
var_dg = 105123
