# Generated parameter file with the final parameters that may be used for predictions
mean_lambda = 0.699624
gamma_lambda = 7.67631
var_lambda = 0.979607
mean_q = 907.163
gamma_q = 5.14127
var_q = 6.8503e+06
beta = 0.309136
var_x = 7.67719e-05
var_g = 13874.5
var_dx = 0.00590573
var_dg = 46766.5
