# Generated parameter file with the final parameters that may be used for predictions
mean_lambda = 0.680361
gamma_lambda = 6.88157
var_lambda = 0.73511
mean_q = 570.968
gamma_q = 9.01241
var_q = 1.46089e+06
beta = 0.333874
var_x = 8.33637e-05
var_g = 2676.78
var_dx = 0.00729568
var_dg = 16963.9
