# Generated parameter file with the final parameters that may be used for predictions
mean_lambda = 5.25233e-08
gamma_lambda = 1.2601
var_lambda = 0.000153382
mean_q = 375.101
gamma_q = 5.62843
var_q = 4.7363e+06
beta = 0.05
var_x = 8.42111e-05
var_g = 215962
var_dx = 0.208023
var_dg = 1.38898e+07
