# Generated parameter file with the final parameters that may be used for predictions
mean_lambda = 0.652421
gamma_lambda = 3.70919
var_lambda = 0.499765
mean_q = 9.23778
gamma_q = 0.0817987
var_q = 6.57796e+07
beta = 0.352382
var_x = 0.000132158
var_g = 1.93497e+06
var_dx = 0.0170384
var_dg = 3.33195e+07
