# Generated parameter file with the final parameters that may be used for predictions
mean_lambda = 0.660065
gamma_lambda = 3.42815
var_lambda = 0.416865
mean_q = 3230.04
gamma_q = 3.47368
var_q = 5.12161e+07
beta = 0.00732184
var_x = 6.54935e-05
var_g = 108406
var_dx = 0.00567548
var_dg = 404572
