# Generated parameter file with the final parameters that may be used for predictions
mean_lambda = 0.640064
gamma_lambda = 5.91258
var_lambda = 0.728947
mean_q = 859.849
gamma_q = 7.6383
var_q = 3.17853e+07
beta = 0.00718481
var_x = 8.12644e-05
var_g = 13777
var_dx = 0.00661135
var_dg = 63019.3
