Automatically generated file identical to segments1 apart from beta which from segments0mean_lambda = 2.8204e-07
gamma_lambda = 0.038401
var_lambda = 6.1368e-07
mean_q = 183.686
gamma_q = 4.19972
var_q = 2.64303e+06
beta = 0.376364
var_x = 0.000116863
var_g = 144911
var_dx = 0.111073
var_dg = 3.24004e+09
